t me us them sum
2.522e-2 0 0 1 1
3.326e-2 0 0 2 2
3.523e-2 0 0 3 3
3.623e-2 0 0 4 4
3.65e-2 0 0 5 5
3.713e-2 0 0 6 6
4.48e-2 0 0 7 7
4.562e-2 0 0 8 8
4.603e-2 0 0 9 9
4.938e-2 0 0 10 10
5.019e-2 0 0 11 11
5.054e-2 0 0 12 12
5.235e-2 0 0 13 13
5.261e-2 0 0 14 14
5.276e-2 0 0 15 15
5.336e-2 0 0 16 16
5.374e-2 0 0 17 17
5.636e-2 0 1 16 17
5.737e-2 0 2 15 17
5.871e-2 0 2 16 18
5.978e-2 0 3 15 18
5.98e-2 1 3 15 19
6.212e-2 1 3 16 20
7.029e-2 1 3 17 21
7.038e-2 1 3 18 22
7.06e-2 1 3 19 23
7.27e-2 1 3 20 24
7.531e-2 1 3 21 25
7.697e-2 1 3 22 26
7.907e-2 1 3 23 27
7.909e-2 1 3 24 28
7.968e-2 1 3 25 29
8.118e-2 1 3 26 30
8.142e-2 1 3 27 31
8.157e-2 1 3 28 32
8.247e-2 1 3 29 33
8.552e-2 1 3 30 34
8.76e-2 1 3 31 35
8.803e-2 1 3 32 36
8.971e-2 1 3 33 37
9.054e-2 1 3 34 38
9.18e-2 1 3 35 39
9.399e-2 1 3 36 40
9.412e-2 1 3 37 41
9.442e-2 0 4 37 41
9.567e-2 0 4 38 42
9.781e-2 0 4 39 43
9.785e-2 0 4 40 44
9.852e-2 0 4 41 45
9.883e-2 0 4 42 46
0.10144 0 4 43 47
0.10206 0 4 44 48
0.10211 0 4 45 49
0.10315 0 4 46 50
0.10494 0 4 47 51
0.10582 0 4 48 52
0.10611 0 4 49 53
0.11182 0 4 50 54
0.11472 0 4 51 55
0.1152 0 4 52 56
0.11616 0 4 53 57
0.11634 0 4 54 58
0.12013 0 4 55 59
0.12191 0 4 56 60
0.1245 0 4 57 61
0.12667 0 4 58 62
0.1276 0 4 59 63
0.12911 0 4 60 64
0.12939 0 4 61 65
0.13164 0 4 62 66
0.13449 0 4 63 67
0.14299 0 4 64 68
0.14726 0 4 65 69
0.17178 0 5 64 69
0.17233 0 5 65 70
0.17255 0 5 66 71
0.17297 0 5 67 72
0.17446 0 5 68 73
0.17814 0 6 67 73
0.182 0 6 68 74
0.18235 0 6 69 75
0.18582 0 6 70 76
0.18773 0 7 69 76
0.18938 0 8 68 76
0.18968 0 9 67 76
0.19022 0 10 66 76
0.19221 0 10 67 77
0.19345 0 11 66 77
0.19347 1 11 66 78
0.19602 1 12 65 78
0.19619 1 12 66 79
0.20208 1 13 65 79
0.20253 1 14 64 79
0.20752 1 15 63 79
0.20818 2 15 63 80
0.21299 2 16 62 80
0.21351 3 16 62 81
0.21404 3 17 61 81
0.21582 3 17 62 82
0.21726 3 18 61 82
0.21961 3 19 60 82
0.2204 4 19 60 83
0.22111 4 20 59 83
0.222 4 20 60 84
0.22507 4 20 61 85
0.22522 4 21 60 85
0.22623 4 21 61 86
0.22666 4 22 60 86
0.22943 4 23 59 86
0.23216 5 23 59 87
0.23601 5 23 60 88
0.2371 5 24 59 88
0.23764 5 24 60 89
0.2438 5 25 59 89
0.24408 5 26 58 89
0.24504 6 26 58 90
0.24592 6 27 57 90
0.24614 6 28 56 90
0.25138 6 29 55 90
0.25186 6 30 54 90
0.25348 6 31 53 90
0.26064 6 32 52 90
0.26075 7 32 52 91
0.26078 7 33 51 91
0.2612 7 34 50 91
0.26527 7 35 49 91
0.26826 8 35 49 92
0.26973 8 36 48 92
0.27167 8 37 47 92
0.27412 8 37 48 93
0.2754 8 38 47 93
0.28024 8 39 46 93
0.28152 9 39 46 94
0.28674 9 40 45 94
0.28685 9 40 46 95
0.29091 9 40 47 96
0.29224 9 40 48 97
0.29539 9 41 47 97
0.29559 10 41 47 98
0.29571 11 41 47 99
0.29656 11 42 46 99
0.2975 11 43 45 99
0.30275 12 43 45 100
0.30303 12 43 46 101
0.31234 13 43 46 102
0.31263 14 43 46 103
0.31318 15 43 46 104
0.31481 15 43 47 105
0.31537 15 44 46 105
0.31643 15 45 45 105
0.32328 16 45 45 106
0.32486 17 45 45 107
0.32558 17 46 44 107
0.33185 17 47 43 107
0.33202 17 47 44 108
0.334 17 47 45 109
0.33456 17 47 46 110
0.33536 17 48 45 110
0.33649 18 48 45 111
0.33723 18 48 46 112
0.33889 19 48 46 113
0.33942 19 49 45 113
0.34036 19 50 44 113
0.34324 19 51 43 113
0.34465 20 51 43 114
0.34815 21 51 43 115
0.35013 22 51 43 116
0.35116 22 52 42 116
0.35174 23 52 42 117
0.3557 24 52 42 118
0.35811 25 52 42 119
0.36617 26 52 42 120
0.36936 25 53 42 120
0.37824 25 53 43 121
0.37941 25 54 42 121
0.37987 26 54 42 122
0.38026 26 55 41 122
0.38065 26 55 42 123
0.38699 25 56 42 123
0.3871 26 56 42 124
0.39197 26 57 41 124
0.39253 26 58 40 124
0.39758 27 58 40 125
0.39764 27 58 41 126
0.40941 27 59 40 126
0.41332 27 60 39 126
0.41514 27 61 38 126
0.41844 27 61 39 127
0.4192 28 61 39 128
0.42015 29 61 39 129
0.42228 29 62 38 129
0.42314 30 62 38 130
0.42406 31 62 38 131
0.42906 32 62 38 132
0.44626 32 63 37 132
0.44884 32 64 36 132
0.46878 32 64 37 133
0.46998 32 65 36 133
0.4715 33 65 36 134
0.47501 34 65 36 135
0.48232 35 65 36 136
0.49205 36 65 36 137
0.51755 36 66 35 137
0.52132 37 66 35 138
0.53145 38 66 35 139
0.53635 38 66 36 140
0.54103 39 66 36 141
0.5597 38 67 36 141
0.56185 39 67 36 142
0.56376 38 68 36 142
0.56513 38 69 35 142
0.57134 37 70 35 142
0.57236 36 71 35 142
0.57456 37 71 35 143
0.58896 38 71 35 144
0.59616 39 71 35 145
0.59976 38 72 35 145
0.61225 39 72 35 146
0.61539 38 73 35 146
0.61617 37 74 35 146
0.62473 38 74 35 147
0.62816 39 74 35 148
0.64973 40 74 35 149
0.68327 41 74 35 150
0.6861 42 74 35 151
0.72479 43 74 35 152
0.72893 44 74 35 153
0.74994 45 74 35 154
0.75942 46 74 35 155
0.77656 47 74 35 156
0.79572 47 74 36 157
0.8074 47 74 37 158
0.84089 48 74 37 159
0.84486 49 74 37 160
0.85443 49 75 36 160
0.8795 50 75 36 161
0.88615 50 75 37 162
0.92753 50 75 38 163
0.9324 51 75 38 164
0.94495 52 75 38 165
1.00038 53 75 38 166
1.00194 54 75 38 167
1.01836 55 75 38 168
1.11797 55 75 39 169
1.14046 56 75 39 170
1.15776 57 75 39 171
1.19806 56 76 39 171
1.25115 57 76 39 172
1.25811 58 76 39 173
1.30294 59 76 39 174
1.3179 60 76 39 175
1.33173 61 76 39 176
1.36999 61 76 40 177
1.43148 62 76 40 178
1.44092 63 76 40 179
1.44806 64 76 40 180
1.49555 65 76 40 181
1.50485 65 77 39 181
1.53763 65 78 38 181
1.55488 65 79 37 181
1.58445 66 79 37 182
1.60436 66 80 36 182
1.8486 67 80 36 183
1.8744 68 80 36 184
1.90732 67 81 36 184
1.95908 68 81 36 185
2.10893 69 81 36 186
2.12673 68 82 36 186
2.15587 69 82 36 187
2.16278 70 82 36 188
2.19452 70 82 37 189
2.20468 71 82 37 190
2.21821 71 82 38 191
2.31191 72 82 38 192
2.32888 71 83 38 192
2.377 70 84 38 192
2.44248 70 85 37 192
2.45304 71 85 37 193
2.68904 71 85 38 194
2.8507 72 85 38 195
2.99574 73 85 38 196
3.07797 74 85 38 197
3.08698 74 86 37 197
3.11114 75 86 37 198
3.12624 76 86 37 199
3.17371 77 86 37 200
3.19749 78 86 37 201
3.19908 79 86 37 202
3.24132 80 86 37 203
3.26297 79 87 37 203
3.26775 80 87 37 204
3.27592 79 88 37 204
3.47678 80 88 37 205
3.50781 81 88 37 206
4.04611 82 88 37 207
4.06042 82 88 38 208
4.09912 82 89 37 208
4.16112 83 89 37 209
4.29535 83 90 36 209
4.41698 84 90 36 210
4.81103 85 90 36 211
4.83966 86 90 36 212
4.91514 86 91 35 212
4.9662 86 92 34 212
5.01764 87 92 34 213
5.06131 88 92 34 214
5.07165 89 92 34 215
5.18235 90 92 34 216
5.2461 91 92 34 217
5.57487 91 92 35 218
5.82043 92 92 35 219
5.91804 91 93 35 219
5.99111 90 94 35 219
6.01823 91 94 35 220
6.01879 92 94 35 221
6.07153 93 94 35 222
6.07661 94 94 35 223
6.42163 94 95 34 223
6.607 95 95 34 224
6.78805 95 95 35 225
6.79387 95 95 36 226
6.79418 95 95 37 227
6.92957 96 95 37 228
7.06748 97 95 37 229
7.33537 97 96 36 229
7.37111 98 96 36 230
7.44285 97 97 36 230
7.73787 97 98 35 230
7.87146 98 98 35 231
8.33518 98 98 36 232
9.03084 99 98 36 233
9.08385 99 98 37 234
9.74424 100 98 37 235
9.91519 100 98 38 236
10.03065 99 99 38 236
10.15994 100 99 38 237
10.26169 100 100 37 237
10.34645 101 100 37 238
10.40032 100 101 37 238
10.69169 101 101 37 239
10.9017 102 101 37 240
11.35156 103 101 37 241
11.36767 102 102 37 241
11.6274 101 103 37 241
11.80141 102 103 37 242
11.88312 103 103 37 243
12.07786 104 103 37 244
12.68163 105 103 37 245
12.70756 106 103 37 246
13.9014 107 103 37 247
14.03525 108 103 37 248
14.13097 109 103 37 249
14.46711 110 103 37 250
16.58944 111 103 37 251
16.71257 111 103 38 252
19.34926 111 103 39 253
19.85952 112 103 39 254
19.88028 111 104 39 254
20.54938 111 105 38 254
20.91991 110 106 38 254
21.24709 111 106 38 255
21.37834 111 106 39 256
21.4745 111 106 40 257
21.56035 112 106 40 258
21.56242 112 106 41 259
22.1698 113 106 41 260
22.42842 114 106 41 261
22.45838 113 107 41 261
22.53431 114 107 41 262
22.66947 115 107 41 263
22.67093 114 108 41 263
23.00535 115 108 41 264
23.62717 114 109 41 264
23.98823 115 109 41 265
24.4527 115 109 42 266
25.09692 115 109 43 267
25.6337 116 109 43 268
26.95498 117 109 43 269
27.23735 117 109 44 270
27.25702 116 110 44 270
28.07914 116 110 45 271
28.2562 116 111 44 271
29.54033 116 111 45 272
30.39467 117 111 45 273
30.69736 118 111 45 274
30.94828 119 111 45 275
32.54997 119 111 46 276
33.6929 120 111 46 277
35.60509 121 111 46 278
36.26019 121 112 45 278
36.94027 122 112 45 279
37.09207 123 112 45 280
37.17075 124 112 45 281
38.8921 125 112 45 282
40.22425 126 112 45 283
40.22568 125 113 45 283
40.38754 124 114 45 283
41.38515 124 115 44 283
42.96465 123 116 44 283
44.06539 124 116 44 284
46.21261 123 117 44 284
47.1994 123 118 43 284
48.0809 123 119 42 284
48.62582 124 119 42 285
50.40944 125 119 42 286
53.77506 124 120 42 286
54.61862 125 120 42 287
54.99911 126 120 42 288
57.23488 126 120 43 289
59.01398 127 120 43 290

