t me us them sum
3.94e-3 0 0 1 1
4.57e-3 0 0 2 2
7.37e-3 0 0 3 3
1.241e-2 0 0 4 4
1.242e-2 0 0 5 5
1.318e-2 0 0 6 6
1.343e-2 0 0 7 7
1.401e-2 0 0 8 8
1.456e-2 0 0 9 9
1.46e-2 0 0 10 10
1.561e-2 0 0 11 11
1.586e-2 0 0 12 12
1.597e-2 0 0 13 13
1.612e-2 0 0 14 14
1.716e-2 0 0 15 15
1.933e-2 0 0 16 16
1.942e-2 0 0 17 17
1.979e-2 0 0 18 18
2.059e-2 0 0 19 19
2.062e-2 0 0 20 20
2.072e-2 0 0 21 21
2.289e-2 0 0 22 22
2.877e-2 0 0 23 23
2.909e-2 0 0 24 24
2.917e-2 0 0 25 25
2.922e-2 0 0 26 26
2.968e-2 0 0 27 27
2.994e-2 0 0 28 28
3.04e-2 0 0 29 29
3.061e-2 0 0 30 30
3.116e-2 0 0 31 31
3.126e-2 0 0 32 32
3.145e-2 0 0 33 33
3.183e-2 0 0 34 34
3.244e-2 0 0 35 35
3.348e-2 0 0 36 36
3.353e-2 0 0 37 37
3.356e-2 0 0 38 38
3.362e-2 0 0 39 39
3.368e-2 0 0 40 40
3.392e-2 0 0 41 41
3.404e-2 0 0 42 42
3.414e-2 0 0 43 43
3.429e-2 0 0 44 44
3.441e-2 0 0 45 45
3.459e-2 0 0 46 46
3.473e-2 0 0 47 47
3.495e-2 0 0 48 48
3.499e-2 0 0 49 49
3.522e-2 0 0 50 50
3.524e-2 0 0 51 51
3.527e-2 0 0 52 52
3.53e-2 0 0 53 53
3.541e-2 0 0 54 54
3.609e-2 0 0 55 55
3.637e-2 0 0 56 56
3.653e-2 0 0 57 57
3.665e-2 0 0 58 58
3.689e-2 0 0 59 59
3.727e-2 0 0 60 60
3.742e-2 0 0 61 61
3.756e-2 0 0 62 62
3.76e-2 0 0 63 63
3.791e-2 0 0 64 64
3.831e-2 0 0 65 65
3.849e-2 0 0 66 66
3.854e-2 0 0 67 67
3.899e-2 0 0 68 68
3.971e-2 0 0 69 69
4.011e-2 0 0 70 70
4.016e-2 0 0 71 71
4.117e-2 0 0 72 72
4.182e-2 0 0 73 73
4.228e-2 0 0 74 74
4.25e-2 0 0 75 75
4.26e-2 0 0 76 76
4.266e-2 0 0 77 77
4.271e-2 0 0 78 78
4.288e-2 0 0 79 79
4.297e-2 0 0 80 80
4.357e-2 0 0 81 81
4.369e-2 0 0 82 82
4.464e-2 0 0 83 83
4.467e-2 0 0 84 84
4.468e-2 0 0 85 85
4.482e-2 0 0 86 86
4.514e-2 0 0 87 87
4.608e-2 0 0 88 88
4.611e-2 0 0 89 89
4.628e-2 0 0 90 90
4.814e-2 0 0 91 91
4.856e-2 0 0 92 92
4.858e-2 0 0 93 93
4.864e-2 0 0 94 94
4.89e-2 0 0 95 95
4.966e-2 0 0 96 96
4.996e-2 0 0 97 97
5.036e-2 0 0 98 98
5.05e-2 0 0 99 99
5.067e-2 0 0 100 100
5.261e-2 0 0 101 101
5.491e-2 0 0 102 102
5.499e-2 0 0 103 103
5.549e-2 0 0 104 104
5.636e-2 0 1 103 104
5.703e-2 0 1 104 105
5.737e-2 0 2 103 105
5.869e-2 0 2 104 106
5.916e-2 0 2 105 107
5.978e-2 0 2 106 108
5.978e-2 0 3 105 108
5.98e-2 0 4 104 108
6.011e-2 0 4 105 109
6.08e-2 0 4 106 110
6.089e-2 0 4 107 111
6.194e-2 0 4 108 112
6.212e-2 0 4 109 113
6.25e-2 0 4 110 114
6.262e-2 0 4 111 115
6.371e-2 0 4 112 116
6.394e-2 0 4 113 117
6.488e-2 0 4 114 118
6.581e-2 0 4 115 119
6.667e-2 0 4 116 120
7.114e-2 0 4 117 121
7.281e-2 0 4 118 122
7.553e-2 0 4 119 123
7.623e-2 0 4 120 124
7.917e-2 0 4 121 125
8.114e-2 0 4 122 126
8.265e-2 0 4 123 127
8.402e-2 0 4 124 128
8.602e-2 0 4 125 129
8.656e-2 0 4 126 130
8.723e-2 0 4 127 131
8.805e-2 0 4 128 132
8.917e-2 0 4 129 133
9.26e-2 0 4 130 134
9.646e-2 0 4 131 135
0.10166 0 4 132 136
0.11722 0 4 133 137
0.11944 0 4 134 138
0.12334 0 4 135 139
0.13514 0 4 136 140
0.13581 0 4 137 141
0.13684 0 4 138 142
0.14621 0 4 139 143
0.14787 0 4 140 144
0.1616 0 4 141 145
0.16297 0 4 142 146
0.17075 0 4 143 147
0.17178 0 5 142 147
0.17814 0 6 141 147
0.18773 0 7 140 147
0.18938 0 8 139 147
0.18968 0 9 138 147
0.19022 0 10 137 147
0.19345 0 11 136 147
0.19347 0 12 135 147
0.19602 0 13 134 147
0.19946 0 13 135 148
0.20208 0 14 134 148
0.20253 0 15 133 148
0.20752 0 16 132 148
0.20818 0 17 131 148
0.21299 0 18 130 148
0.21351 0 19 129 148
0.21404 0 20 128 148
0.21726 0 21 127 148
0.21961 0 22 126 148
0.21985 0 22 127 149
0.22022 0 22 128 150
0.2204 0 23 127 150
0.22111 0 24 126 150
0.22239 0 24 127 151
0.22522 0 25 126 151
0.22661 0 25 127 152
0.22666 0 26 126 152
0.22943 0 27 125 152
0.23216 0 28 124 152
0.2371 0 29 123 152
0.2438 0 30 122 152
0.24408 0 31 121 152
0.24504 0 32 120 152
0.24592 0 33 119 152
0.24614 0 34 118 152
0.25089 0 34 119 153
0.25138 0 35 118 153
0.25166 0 35 119 154
0.25186 0 36 118 154
0.25348 0 37 117 154
0.26064 0 38 116 154
0.26075 0 39 115 154
0.26078 0 40 114 154
0.2612 0 41 113 154
0.26168 0 41 114 155
0.26527 0 42 113 155
0.26826 1 42 113 156
0.26973 1 43 112 156
0.27167 1 44 111 156
0.2754 1 45 110 156
0.28024 1 46 109 156
0.28152 2 46 109 157
0.28674 2 47 108 157
0.29539 2 48 107 157
0.29559 2 49 106 157
0.29571 3 49 106 158
0.29656 3 50 105 158
0.2975 3 51 104 158
0.30275 3 52 103 158
0.30679 3 52 104 159
0.31233 3 52 105 160
0.31234 3 53 104 160
0.31263 4 53 104 161
0.31318 4 54 103 161
0.31537 4 55 102 161
0.31643 4 56 101 161
0.31735 4 56 102 162
0.32328 4 57 101 162
0.32486 4 58 100 162
0.32558 4 59 99 162
0.33185 4 60 98 162
0.33193 4 60 99 163
0.33536 4 61 98 163
0.33649 4 62 97 163
0.33889 4 63 96 163
0.33942 4 64 95 163
0.34036 4 65 94 163
0.34324 4 66 93 163
0.34465 4 67 92 163
0.34815 4 68 91 163
0.35013 4 69 90 163
0.35116 4 70 89 163
0.35174 4 71 88 163
0.3557 5 71 88 164
0.35811 5 72 87 164
0.3633 5 72 88 165
0.36617 5 73 87 165
0.37014 5 73 88 166
0.37661 5 73 89 167
0.37941 5 74 88 167
0.37987 5 75 87 167
0.38026 5 76 86 167
0.3871 5 77 85 167
0.39197 5 78 84 167
0.39253 5 79 83 167
0.39758 5 80 82 167
0.40941 5 81 81 167
0.41101 5 81 82 168
0.41332 5 82 81 168
0.41514 5 83 80 168
0.4192 5 84 79 168
0.42015 6 84 79 169
0.42228 6 85 78 169
0.42314 7 85 78 170
0.42406 7 86 77 170
0.42906 7 87 76 170
0.43282 7 87 77 171
0.43532 7 87 78 172
0.4387 7 87 79 173
0.44626 7 88 78 173
0.44884 7 89 77 173
0.45149 7 89 78 174
0.4543 7 89 79 175
0.4692 7 89 80 176
0.46998 7 90 79 176
0.4715 7 91 78 176
0.47323 7 91 79 177
0.47501 7 92 78 177
0.48232 7 93 77 177
0.49205 7 94 76 177
0.49671 7 94 77 178
0.51013 7 94 78 179
0.5132 7 94 79 180
0.51755 7 95 78 180
0.52132 7 96 77 180
0.53145 7 97 76 180
0.5337 7 97 77 181
0.53771 7 97 78 182
0.54045 7 97 79 183
0.54103 7 98 78 183
0.55797 6 99 78 183
0.56185 7 99 78 184
0.56513 7 100 77 184
0.57456 8 100 77 185
0.58896 8 101 76 185
0.59331 8 101 77 186
0.59616 8 102 76 186
0.60321 8 102 77 187
0.61225 8 103 76 187
0.62473 9 103 76 188
0.62816 9 104 75 188
0.63524 9 104 76 189
0.64973 10 104 76 190
0.68327 11 104 76 191
0.6861 11 105 75 191
0.68747 11 105 76 192
0.72479 11 106 75 192
0.72893 11 107 74 192
0.74994 12 107 74 193
0.75942 12 108 73 193
0.76008 12 108 74 194
0.77656 13 108 74 195
0.79742 13 108 75 196
0.84089 13 109 74 196
0.84486 13 110 73 196
0.85443 13 111 72 196
0.8795 13 112 71 196
0.91214 13 112 72 197
0.92164 13 112 73 198
0.9324 14 112 73 199
0.93683 14 112 74 200
0.94495 14 113 73 200
0.94954 14 113 74 201
0.95212 14 113 75 202
0.97735 14 113 76 203
1.00038 14 114 75 203
1.00194 14 115 74 203
1.01836 15 115 74 204
1.05299 15 115 75 205
1.07773 15 115 76 206
1.0811 15 115 77 207
1.08286 15 115 78 208
1.14046 15 116 77 208
1.15776 15 117 76 208
1.20389 15 117 77 209
1.21075 15 117 78 210
1.24586 14 118 78 210
1.25115 15 118 78 211
1.25794 15 118 79 212
1.25811 16 118 79 213
1.25854 16 118 80 214
1.26072 16 118 81 215
1.30294 17 118 81 216
1.3179 17 119 80 216
1.33173 17 120 79 216
1.36982 17 120 80 217
1.37923 17 120 81 218
1.43148 18 120 81 219
1.44092 19 120 81 220
1.44806 19 121 80 220
1.49555 19 122 79 220
1.50485 19 123 78 220
1.53763 19 124 77 220
1.55488 19 125 76 220
1.58445 20 125 76 221
1.60436 20 126 75 221
1.65777 19 127 75 221
1.69588 19 127 76 222
1.72799 19 127 77 223
1.78427 19 127 78 224
1.81449 19 127 79 225
1.82106 19 127 80 226
1.82142 18 128 80 226
1.8486 19 128 80 227
1.8744 19 129 79 227
1.87612 19 129 80 228
1.90191 18 130 80 228
1.95908 19 130 80 229
2.07196 19 130 81 230
2.10893 20 130 81 231
2.15587 21 130 81 232
2.15716 21 130 82 233
2.16278 22 130 82 234
2.20468 22 131 81 234
2.31191 23 131 81 235
2.38288 23 131 82 236
2.39014 23 131 83 237
2.4149 23 131 84 238
2.43221 23 131 85 239
2.44248 24 131 85 240
2.45304 25 131 85 241
2.66655 24 132 85 241
2.74678 24 132 86 242
2.82366 24 132 87 243
2.8507 25 132 87 244
2.99574 26 132 87 245
2.99654 26 132 88 246
3.07797 26 133 87 246
3.08698 26 134 86 246
3.11114 27 134 86 247
3.12624 28 134 86 248
3.16235 28 134 87 249
3.17371 29 134 87 250
3.19749 30 134 87 251
3.19879 29 135 87 251
3.19908 29 136 86 251
3.24132 30 136 86 252
3.26775 31 136 86 253
3.41434 31 136 87 254
3.43771 31 136 88 255
3.47678 31 137 87 255
3.47755 31 137 88 256
3.50781 31 138 87 256
3.59048 31 138 88 257
3.99812 31 138 89 258
4.02937 31 138 90 259
4.04109 31 138 91 260
4.04558 31 138 92 261
4.04611 31 139 91 261
4.09912 31 140 90 261
4.16112 32 140 90 262
4.2286 32 140 91 263
4.24594 31 141 91 263
4.29535 31 142 90 263
4.41698 31 143 89 263
4.53638 31 143 90 264
4.81103 31 144 89 264
4.83966 32 144 89 265
4.91514 32 145 88 265
4.9662 32 146 87 265
5.01764 33 146 87 266
5.06131 33 147 86 266
5.07165 33 148 85 266
5.18235 33 149 84 266
5.2461 34 149 84 267
5.25734 34 149 85 268
5.82043 35 149 85 269
6.01823 36 149 85 270
6.01879 37 149 85 271
6.07153 37 150 84 271
6.07661 38 150 84 272
6.42163 38 151 83 272
6.607 39 151 83 273
6.92957 40 151 83 274
7.06748 40 152 82 274
7.33537 41 152 82 275
7.37111 41 153 81 275
7.56469 41 153 82 276
7.57253 40 154 82 276
7.73787 40 155 81 276
7.87146 41 155 81 277
8.09592 41 155 82 278
8.10006 41 155 83 279
8.22728 41 155 84 280
8.82991 41 155 85 281
9.03084 42 155 85 282
9.3552 42 155 86 283
9.63728 42 155 87 284
9.64386 42 155 88 285
9.74424 43 155 88 286
10.15994 43 156 87 286
10.18206 42 157 87 286
10.26169 42 158 86 286
10.34645 43 158 86 287
10.66137 42 159 86 287
10.69169 42 160 85 287
10.9017 42 161 84 287
11.35156 43 161 84 288
11.80141 44 161 84 289
11.88312 45 161 84 290
12.07786 45 162 83 290
12.68163 46 162 83 291
12.70756 47 162 83 292
13.9014 47 163 82 292
14.03525 48 163 82 293
14.13097 48 164 81 293
14.46711 49 164 81 294
16.58944 49 165 80 294
18.15386 49 165 81 295
18.8125 49 165 82 296
18.82899 49 165 83 297
19.85952 50 165 83 298
20.2707 49 166 83 298
20.42965 49 166 84 299
20.54938 49 167 83 299
21.24709 49 168 82 299
21.56035 50 168 82 300
22.1698 50 169 81 300
22.42842 51 169 81 301
22.53431 52 169 81 302
22.66947 53 169 81 303
23.00535 54 169 81 304
23.98823 55 169 81 305
24.08713 55 169 82 306
24.27311 55 169 83 307
24.58159 55 169 84 308
24.99559 55 169 85 309
25.6337 56 169 85 310
26.23852 55 170 85 310
26.95498 56 170 85 311
28.2562 56 171 84 311
30.37487 55 172 84 311
30.39467 56 172 84 312
30.69736 57 172 84 313
30.94828 58 172 84 314
33.6929 59 172 84 315
35.10952 59 172 85 316
35.60509 60 172 85 317
35.86354 60 172 86 318
36.26019 61 172 86 319
36.94027 62 172 86 320
37.09207 62 173 85 320
37.17075 63 173 85 321
37.41223 62 174 85 321
37.60109 62 174 86 322
38.8921 63 174 86 323
40.22425 63 175 85 323
41.38515 63 176 84 323
44.06539 63 177 83 323
44.75019 63 177 84 324
47.1994 64 177 84 325
48.0809 65 177 84 326
48.62582 66 177 84 327
50.40944 67 177 84 328
54.151 66 178 84 328
54.61862 67 178 84 329
54.99911 67 179 83 329
59.01398 68 179 83 330

