t me us them sum
2.522e-2 0 0 1 1
3.326e-2 0 0 2 2
3.523e-2 0 0 3 3
3.623e-2 0 0 4 4
3.65e-2 0 0 5 5
3.713e-2 0 0 6 6
4.48e-2 0 0 7 7
4.562e-2 0 0 8 8
4.603e-2 0 0 9 9
4.903e-2 0 1 8 9
4.938e-2 0 1 9 10
4.971e-2 0 2 8 10
5.019e-2 0 2 9 11
5.054e-2 0 2 10 12
5.073e-2 0 3 9 12
5.235e-2 0 3 10 13
5.261e-2 0 3 11 14
5.276e-2 0 3 12 15
5.276e-2 1 3 12 16
5.336e-2 1 3 13 17
5.374e-2 1 3 14 18
5.871e-2 1 3 15 19
6.212e-2 1 3 16 20
7.029e-2 1 3 17 21
7.038e-2 1 3 18 22
7.06e-2 1 3 19 23
7.27e-2 1 3 20 24
7.531e-2 1 3 21 25
7.697e-2 1 3 22 26
7.907e-2 1 3 23 27
7.909e-2 1 3 24 28
7.968e-2 1 3 25 29
8.118e-2 1 3 26 30
8.142e-2 1 3 27 31
8.157e-2 1 3 28 32
8.247e-2 1 3 29 33
8.552e-2 1 3 30 34
8.76e-2 1 3 31 35
8.803e-2 1 3 32 36
8.971e-2 1 3 33 37
9.054e-2 1 3 34 38
9.18e-2 1 3 35 39
9.399e-2 1 3 36 40
9.412e-2 1 3 37 41
9.442e-2 0 4 37 41
9.567e-2 0 4 38 42
9.781e-2 0 4 39 43
9.785e-2 0 4 40 44
9.852e-2 0 4 41 45
9.883e-2 0 4 42 46
0.10144 0 4 43 47
0.10206 0 4 44 48
0.10211 0 4 45 49
0.10315 0 4 46 50
0.10494 0 4 47 51
0.10582 0 4 48 52
0.10611 0 4 49 53
0.11182 0 4 50 54
0.11472 0 4 51 55
0.1152 0 4 52 56
0.11616 0 4 53 57
0.11634 0 4 54 58
0.11682 0 5 53 58
0.12013 0 5 54 59
0.12191 0 5 55 60
0.1245 0 5 56 61
0.12667 0 5 57 62
0.1276 0 5 58 63
0.12911 0 5 59 64
0.12939 0 5 60 65
0.13164 0 5 61 66
0.13449 0 5 62 67
0.14299 0 5 63 68
0.14726 0 5 64 69
0.15067 0 6 63 69
0.15639 0 7 62 69
0.15798 1 7 62 70
0.15904 1 8 61 70
0.1594 1 9 60 70
0.16283 2 9 60 71
0.17178 2 10 59 71
0.17233 2 10 60 72
0.17237 3 10 60 73
0.17255 3 10 61 74
0.17297 3 10 62 75
0.17446 3 10 63 76
0.17504 3 11 62 76
0.17915 3 12 61 76
0.17949 3 13 60 76
0.18025 4 13 60 77
0.182 4 13 61 78
0.18235 4 13 62 79
0.18322 5 13 62 80
0.18412 5 14 61 80
0.18464 5 15 60 80
0.18578 6 15 60 81
0.18582 6 15 61 82
0.19069 6 16 60 82
0.19071 6 17 59 82
0.19221 6 17 60 83
0.19381 6 18 59 83
0.19407 6 19 58 83
0.19485 6 20 57 83
0.19619 6 20 58 84
0.19745 6 21 57 84
0.19844 6 22 56 84
0.19966 6 23 55 84
0.20165 7 23 55 85
0.20401 7 24 54 85
0.20918 7 25 53 85
0.20998 8 25 53 86
0.21455 8 26 52 86
0.21582 8 26 53 87
0.21976 8 27 52 87
0.222 8 27 53 88
0.22385 8 28 52 88
0.22507 8 28 53 89
0.22623 8 28 54 90
0.22708 8 29 53 90
0.22927 8 30 52 90
0.2297 9 30 52 91
0.23278 10 30 52 92
0.23521 10 31 51 92
0.23601 10 31 52 93
0.2361 10 32 51 93
0.23764 10 32 52 94
0.23815 10 33 51 94
0.24101 10 34 50 94
0.24184 10 35 49 94
0.24525 11 35 49 95
0.24758 11 36 48 95
0.24762 11 37 47 95
0.26076 11 38 46 95
0.26255 12 38 46 96
0.26647 13 38 46 97
0.27052 13 39 45 97
0.27266 13 40 44 97
0.27408 14 40 44 98
0.27412 13 41 44 98
0.28049 13 42 43 98
0.28685 13 42 44 99
0.28871 14 42 44 100
0.2907 14 43 43 100
0.29091 14 43 44 101
0.29224 13 44 44 101
0.29395 14 44 44 102
0.29553 14 45 43 102
0.30262 15 45 43 103
0.30303 15 45 44 104
0.30766 15 46 43 104
0.31016 16 46 43 105
0.31059 16 47 42 105
0.31481 16 47 43 106
0.31539 17 47 43 107
0.31742 18 47 43 108
0.31866 18 48 42 108
0.32158 19 48 42 109
0.32677 20 48 42 110
0.32735 21 48 42 111
0.3281 22 48 42 112
0.32814 23 48 42 113
0.33202 23 48 43 114
0.334 23 48 44 115
0.33456 23 48 45 116
0.33466 24 48 45 117
0.33708 25 48 45 118
0.33723 25 48 46 119
0.33753 25 49 45 119
0.33843 26 49 45 120
0.33847 27 49 45 121
0.341 28 49 45 122
0.34434 29 49 45 123
0.34718 29 50 44 123
0.35067 29 51 43 123
0.35653 30 51 43 124
0.36308 30 52 42 124
0.36936 29 53 42 124
0.37285 30 53 42 125
0.37824 30 53 43 126
0.37903 30 54 42 126
0.38065 30 54 43 127
0.38524 31 54 43 128
0.38699 30 55 43 128
0.3881 31 55 43 129
0.39328 31 56 42 129
0.39764 30 57 42 129
0.40617 31 57 42 130
0.41838 31 58 41 130
0.41844 31 58 42 131
0.42279 32 58 42 132
0.42487 33 58 42 133
0.43469 34 58 42 134
0.44261 35 58 42 135
0.46264 35 59 41 135
0.46578 36 59 41 136
0.46878 36 59 42 137
0.47944 37 59 42 138
0.51208 38 59 42 139
0.51758 39 59 42 140
0.5282 39 60 41 140
0.53635 39 60 42 141
0.53954 40 60 42 142
0.54773 41 60 42 143
0.55138 42 60 42 144
0.55439 42 61 41 144
0.5597 41 62 41 144
0.56376 40 63 41 144
0.56489 41 63 41 145
0.57034 41 64 40 145
0.57134 40 65 40 145
0.57236 39 66 40 145
0.59976 38 67 40 145
0.61539 37 68 40 145
0.61617 36 69 40 145
0.63194 37 69 40 146
0.71023 38 69 40 147
0.72122 38 70 39 147
0.72319 38 71 38 147
0.76096 38 72 37 147
0.76105 38 73 36 147
0.78683 38 74 35 147
0.79572 38 74 36 148
0.8074 38 74 37 149
0.82384 39 74 37 150
0.83596 40 74 37 151
0.84322 41 74 37 152
0.88615 41 74 38 153
0.90333 42 74 38 154
0.90531 43 74 38 155
0.92593 44 74 38 156
0.92753 44 74 39 157
1.01692 45 74 39 158
1.0188 46 74 39 159
1.10678 47 74 39 160
1.11797 47 74 40 161
1.19806 46 75 40 161
1.22699 47 75 40 162
1.23506 48 75 40 163
1.23748 49 75 40 164
1.35358 50 75 40 165
1.36999 50 75 41 166
1.43364 51 75 41 167
1.43798 52 75 41 168
1.51334 53 75 41 169
1.69394 54 75 41 170
1.83229 55 75 41 171
1.83954 56 75 41 172
1.8945 56 76 40 172
1.90732 56 76 41 173
2.03127 56 77 40 173
2.0656 57 77 40 174
2.07906 58 77 40 175
2.12673 57 78 40 175
2.19452 57 78 41 176
2.20455 58 78 41 177
2.21821 58 78 42 178
2.25439 59 78 42 179
2.26621 59 79 41 179
2.32888 59 79 42 180
2.33666 60 79 42 181
2.377 59 80 42 181
2.43433 60 80 42 182
2.49823 61 80 42 183
2.66824 62 80 42 184
2.68904 62 80 43 185
2.74805 63 80 43 186
2.76178 64 80 43 187
3.03919 65 80 43 188
3.04501 65 81 42 188
3.05937 65 82 41 188
3.26297 64 83 41 188
3.27592 63 84 41 188
3.30204 63 85 40 188
3.35866 64 85 40 189
3.41298 65 85 40 190
3.51055 65 86 39 190
3.65732 66 86 39 191
3.80447 67 86 39 192
3.88836 67 87 38 192
3.91048 68 87 38 193
3.97174 69 87 38 194
4.06042 69 87 39 195
4.09718 69 88 38 195
4.32873 70 88 38 196
4.35022 70 89 37 196
4.3746 71 89 37 197
4.41567 71 90 36 197
4.57455 71 91 35 197
4.58124 71 92 34 197
4.88708 72 92 34 198
4.92216 72 93 33 198
5.57487 72 93 34 199
5.71228 72 94 33 199
5.7528 73 94 33 200
5.91804 72 95 33 200
5.99111 71 96 33 200
6.51091 72 96 33 201
6.60085 73 96 33 202
6.78484 74 96 33 203
6.78805 74 96 34 204
6.79387 74 96 35 205
6.79418 74 96 36 206
6.89042 74 97 35 206
7.44285 74 97 36 207
7.67941 75 97 36 208
7.7543 76 97 36 209
8.04229 77 97 36 210
8.28209 78 97 36 211
8.33518 78 97 37 212
8.49877 78 98 36 212
8.76176 79 98 36 213
8.76208 80 98 36 214
8.79829 81 98 36 215
8.97697 82 98 36 216
9.08385 81 99 36 216
9.1354 82 99 36 217
9.16012 83 99 36 218
9.20073 84 99 36 219
9.76394 85 99 36 220
9.91519 85 99 37 221
10.03065 84 100 37 221
10.40032 83 101 37 221
10.63841 83 102 36 221
10.91392 84 102 36 222
11.01401 85 102 36 223
11.07952 86 102 36 224
11.2042 87 102 36 225
11.36767 86 103 36 225
11.51481 86 104 35 225
11.6274 86 104 36 226
11.86381 87 104 36 227
11.8893 88 104 36 228
12.27124 88 105 35 228
12.28754 88 106 34 228
13.91984 88 107 33 228
13.99266 89 107 33 229
14.02102 90 107 33 230
14.91021 91 107 33 231
15.28482 92 107 33 232
15.75033 93 107 33 233
16.11501 94 107 33 234
16.71257 94 107 34 235
18.43527 95 107 34 236
18.77041 96 107 34 237
19.34926 96 107 35 238
19.65288 97 107 35 239
19.88028 96 108 35 239
20.26648 96 109 34 239
20.91991 95 110 34 239
21.37834 95 110 35 240
21.4745 94 111 35 240
21.56242 94 111 36 241
21.78852 95 111 36 242
22.45838 94 112 36 242
22.67093 93 113 36 242
22.74728 94 113 36 243
22.85172 94 114 35 243
23.45102 95 114 35 244
23.62717 94 115 35 244
24.4527 94 115 36 245
25.09692 94 115 37 246
27.23735 94 115 38 247
27.25702 93 116 38 247
27.60505 94 116 38 248
28.07914 94 116 39 249
28.32557 94 117 38 249
29.54033 93 118 38 249
31.08529 94 118 38 250
31.4965 95 118 38 251
32.54997 95 118 39 252
33.14103 95 119 38 252
34.17764 96 119 38 253
34.82277 96 120 37 253
36.52862 97 120 37 254
37.96938 97 121 36 254
39.12504 97 122 35 254
40.22568 96 123 35 254
40.38754 95 124 35 254
41.18268 96 124 35 255
41.49664 97 124 35 256
41.53368 98 124 35 257
42.96465 97 125 35 257
43.41635 98 125 35 258
43.4465 99 125 35 259
46.21261 99 125 36 260
47.22153 100 125 36 261
53.77506 100 125 37 262
57.23488 100 125 38 263
57.67806 101 125 38 264
57.79371 102 125 38 265
57.99023 103 125 38 266
59.06183 103 126 37 266
59.65366 104 126 37 267

