t me us them sum
2.259e-2 0 0 1 1
2.35e-2 0 0 2 2
2.467e-2 0 0 3 3
2.475e-2 0 0 4 4
2.488e-2 0 0 5 5
2.565e-2 0 0 6 6
2.789e-2 0 0 7 7
4.903e-2 1 0 7 8
4.971e-2 2 0 7 9
5.052e-2 2 0 8 10
5.073e-2 3 0 8 11
5.121e-2 3 0 9 12
5.147e-2 3 0 10 13
5.2e-2 3 0 11 14
5.263e-2 3 0 12 15
5.276e-2 4 0 12 16
5.278e-2 4 0 13 17
5.304e-2 4 0 14 18
5.387e-2 4 0 15 19
5.413e-2 4 0 16 20
5.437e-2 4 0 17 21
5.438e-2 4 0 18 22
5.44e-2 4 0 19 23
5.502e-2 4 0 20 24
5.53e-2 4 0 21 25
5.534e-2 4 0 22 26
5.545e-2 4 0 23 27
5.594e-2 4 0 24 28
5.623e-2 4 0 25 29
5.629e-2 4 0 26 30
5.65e-2 4 0 27 31
5.667e-2 4 0 28 32
5.691e-2 4 0 29 33
5.695e-2 4 0 30 34
5.753e-2 4 0 31 35
5.754e-2 4 0 32 36
5.762e-2 4 0 33 37
5.787e-2 3 1 33 37
5.8e-2 3 1 34 38
5.833e-2 3 1 35 39
5.833e-2 3 1 36 40
5.836e-2 3 1 37 41
5.844e-2 3 1 38 42
5.85e-2 3 1 39 43
5.858e-2 3 1 40 44
5.875e-2 3 1 41 45
5.886e-2 3 1 42 46
5.935e-2 3 1 43 47
6.014e-2 3 1 44 48
6.035e-2 3 1 45 49
6.071e-2 3 1 46 50
6.12e-2 3 1 47 51
6.129e-2 3 1 48 52
6.13e-2 3 1 49 53
6.13e-2 3 1 50 54
6.135e-2 3 1 51 55
6.146e-2 3 1 52 56
6.149e-2 3 1 53 57
6.159e-2 3 1 54 58
6.187e-2 3 1 55 59
6.209e-2 3 1 56 60
6.21e-2 3 1 57 61
6.214e-2 3 1 58 62
6.256e-2 3 1 59 63
6.259e-2 3 1 60 64
6.292e-2 3 1 61 65
6.297e-2 3 1 62 66
6.359e-2 3 1 63 67
6.37e-2 3 1 64 68
6.391e-2 3 1 65 69
6.406e-2 3 1 66 70
6.417e-2 3 1 67 71
6.428e-2 3 1 68 72
6.471e-2 3 1 69 73
6.51e-2 3 1 70 74
6.524e-2 3 1 71 75
6.528e-2 3 1 72 76
6.542e-2 3 1 73 77
6.545e-2 3 1 74 78
6.615e-2 3 1 75 79
6.663e-2 3 1 76 80
6.681e-2 3 1 77 81
6.682e-2 2 2 77 81
6.683e-2 2 2 78 82
6.706e-2 2 2 79 83
6.768e-2 2 2 80 84
6.787e-2 2 2 81 85
6.875e-2 2 2 82 86
6.881e-2 2 2 83 87
6.943e-2 1 3 83 87
6.95e-2 1 3 84 88
6.987e-2 1 3 85 89
7.02e-2 1 3 86 90
7.148e-2 1 3 87 91
7.178e-2 1 3 88 92
7.198e-2 1 3 89 93
7.205e-2 1 3 90 94
7.326e-2 1 3 91 95
7.344e-2 1 3 92 96
7.463e-2 1 3 93 97
7.522e-2 1 3 94 98
7.545e-2 1 3 95 99
7.568e-2 1 3 96 100
7.58e-2 1 3 97 101
7.614e-2 1 3 98 102
7.67e-2 1 3 99 103
7.713e-2 1 3 100 104
7.742e-2 1 3 101 105
7.785e-2 1 3 102 106
7.852e-2 1 3 103 107
7.872e-2 1 3 104 108
7.938e-2 1 3 105 109
8.0e-2 1 3 106 110
8.018e-2 1 3 107 111
8.042e-2 1 3 108 112
8.089e-2 1 3 109 113
8.402e-2 1 3 110 114
8.456e-2 1 3 111 115
8.556e-2 1 3 112 116
8.576e-2 1 3 113 117
8.59e-2 1 3 114 118
9.071e-2 1 3 115 119
9.124e-2 1 3 116 120
9.228e-2 1 3 117 121
9.233e-2 0 4 117 121
9.513e-2 0 4 118 122
9.572e-2 0 4 119 123
9.655e-2 0 4 120 124
9.656e-2 0 4 121 125
0.10112 0 4 122 126
0.10269 0 4 123 127
0.10682 0 4 124 128
0.10928 0 4 125 129
0.11079 0 4 126 130
0.11126 0 4 127 131
0.11153 0 4 128 132
0.1141 0 4 129 133
0.1155 0 4 130 134
0.11682 0 5 129 134
0.11901 0 5 130 135
0.11993 0 5 131 136
0.12637 0 5 132 137
0.1289 0 5 133 138
0.13705 0 5 134 139
0.13791 0 5 135 140
0.14045 0 5 136 141
0.14158 0 5 137 142
0.14292 0 5 138 143
0.14797 0 5 139 144
0.15067 0 6 138 144
0.15456 0 6 139 145
0.15639 0 7 138 145
0.15761 0 7 139 146
0.15798 0 8 138 146
0.15904 0 9 137 146
0.1594 0 10 136 146
0.16283 0 11 135 146
0.17178 0 12 134 146
0.17237 0 13 133 146
0.17504 0 14 132 146
0.17915 0 15 131 146
0.17949 0 16 130 146
0.18005 0 16 131 147
0.18025 1 16 131 148
0.18322 1 17 130 148
0.18412 1 18 129 148
0.18464 1 19 128 148
0.18578 1 20 127 148
0.19069 1 21 126 148
0.19071 1 22 125 148
0.19381 1 23 124 148
0.19407 1 24 123 148
0.19485 1 25 122 148
0.19745 2 25 122 149
0.19844 2 26 121 149
0.19966 2 27 120 149
0.20165 2 28 119 149
0.20401 2 29 118 149
0.20918 2 30 117 149
0.20998 3 30 117 150
0.21455 3 31 116 150
0.21976 3 32 115 150
0.22035 3 32 116 151
0.22385 3 33 115 151
0.22708 3 34 114 151
0.22927 3 35 113 151
0.2297 3 36 112 151
0.23278 3 37 111 151
0.23311 3 37 112 152
0.23521 3 38 111 152
0.2361 3 39 110 152
0.23815 3 40 109 152
0.24101 3 41 108 152
0.24184 3 42 107 152
0.24525 3 43 106 152
0.24758 3 44 105 152
0.24762 3 45 104 152
0.26076 3 46 103 152
0.26255 3 47 102 152
0.26524 3 47 103 153
0.26647 3 48 102 153
0.27052 4 48 102 154
0.27266 4 49 101 154
0.27408 5 49 101 155
0.28049 6 49 101 156
0.28871 7 49 101 157
0.2907 7 50 100 157
0.29395 7 51 99 157
0.29553 7 52 98 157
0.29696 7 52 99 158
0.30262 7 53 98 158
0.30766 7 54 97 158
0.31016 8 54 97 159
0.31059 9 54 97 160
0.31539 9 55 96 160
0.31742 9 56 95 160
0.31866 9 57 94 160
0.32158 9 58 93 160
0.32677 9 59 92 160
0.32735 9 60 91 160
0.3281 9 61 90 160
0.32814 9 62 89 160
0.33466 10 62 89 161
0.33708 11 62 89 162
0.33753 11 63 88 162
0.33843 11 64 87 162
0.33847 12 64 87 163
0.341 12 65 86 163
0.34434 12 66 85 163
0.34718 12 67 84 163
0.35067 12 68 83 163
0.35653 13 68 83 164
0.35999 13 68 84 165
0.36308 14 68 84 166
0.37235 13 69 84 166
0.37285 14 69 84 167
0.37903 14 70 83 167
0.38524 14 71 82 167
0.3881 14 72 81 167
0.39328 14 73 80 167
0.40617 14 74 79 167
0.41838 14 75 78 167
0.42279 14 76 77 167
0.42487 14 77 76 167
0.43469 15 77 76 168
0.44261 16 77 76 169
0.46264 17 77 76 170
0.46578 17 78 75 170
0.47944 18 78 75 171
0.51208 18 79 74 171
0.51758 18 80 73 171
0.5282 18 81 72 171
0.53954 19 81 72 172
0.54773 19 82 71 172
0.55138 19 83 70 172
0.55439 20 83 70 173
0.56489 20 84 69 173
0.57034 20 85 68 173
0.63194 20 86 67 173
0.66407 20 86 68 174
0.69375 20 86 69 175
0.71023 21 86 69 176
0.72122 22 86 69 177
0.72319 23 86 69 178
0.74408 23 86 70 179
0.75206 23 86 71 180
0.76096 23 87 70 180
0.76105 24 87 70 181
0.76211 23 88 70 181
0.77017 22 89 70 181
0.78683 22 90 69 181
0.82384 23 90 69 182
0.83312 23 90 70 183
0.83596 23 91 69 183
0.84322 23 92 68 183
0.90333 23 93 67 183
0.90531 24 93 67 184
0.92593 25 93 67 185
1.01692 26 93 67 186
1.0188 27 93 67 187
1.10678 27 94 66 187
1.13723 26 95 66 187
1.22699 26 96 65 187
1.23506 27 96 65 188
1.23748 28 96 65 189
1.28214 27 97 65 189
1.33142 26 98 65 189
1.35358 27 98 65 190
1.43364 28 98 65 191
1.43798 29 98 65 192
1.48416 28 99 65 192
1.50215 27 100 65 192
1.51334 28 100 65 193
1.69394 29 100 65 194
1.83229 29 101 64 194
1.83954 30 101 64 195
1.8945 31 101 64 196
2.02551 31 101 65 197
2.03127 32 101 65 198
2.03274 32 101 66 199
2.0656 33 101 66 200
2.07906 34 101 66 201
2.20455 35 101 66 202
2.25439 36 101 66 203
2.26621 37 101 66 204
2.33666 38 101 66 205
2.43433 39 101 66 206
2.49823 40 101 66 207
2.66824 41 101 66 208
2.74805 42 101 66 209
2.76178 43 101 66 210
3.02502 43 101 67 211
3.03919 43 102 66 211
3.04501 43 103 65 211
3.05937 44 103 65 212
3.30204 45 103 65 213
3.35866 46 103 65 214
3.41298 47 103 65 215
3.51055 48 103 65 216
3.65732 49 103 65 217
3.80447 50 103 65 218
3.88836 51 103 65 219
3.91048 52 103 65 220
3.97174 53 103 65 221
4.09718 53 104 64 221
4.32873 54 104 64 222
4.35022 55 104 64 223
4.3746 56 104 64 224
4.41567 56 105 63 224
4.57455 56 106 62 224
4.58124 56 107 61 224
4.88708 57 107 61 225
4.92216 57 108 60 225
4.94964 57 108 61 226
5.71228 58 108 61 227
5.7528 59 108 61 228
6.51091 60 108 61 229
6.60085 61 108 61 230
6.78484 62 108 61 231
6.89042 63 108 61 232
7.67941 64 108 61 233
7.7543 65 108 61 234
8.04229 66 108 61 235
8.28209 67 108 61 236
8.49877 68 108 61 237
8.68579 67 109 61 237
8.76176 68 109 61 238
8.76208 69 109 61 239
8.79829 69 110 60 239
8.97697 70 110 60 240
9.1354 71 110 60 241
9.16012 72 110 60 242
9.20073 73 110 60 243
9.76394 74 110 60 244
10.63841 74 111 59 244
10.91392 75 111 59 245
11.01401 76 111 59 246
11.07952 77 111 59 247
11.2042 78 111 59 248
11.51481 79 111 59 249
11.86381 80 111 59 250
11.8893 81 111 59 251
12.27124 82 111 59 252
12.28754 83 111 59 253
13.91984 84 111 59 254
13.99266 85 111 59 255
14.02102 86 111 59 256
14.91021 87 111 59 257
15.28482 88 111 59 258
15.53918 87 112 59 258
15.75033 88 112 59 259
16.11501 89 112 59 260
16.75932 88 113 59 260
17.90698 87 114 59 260
18.43527 88 114 59 261
18.77041 89 114 59 262
19.45092 88 115 59 262
19.58404 87 116 59 262
19.65288 88 116 59 263
20.01321 87 117 59 263
20.22816 86 118 59 263
20.26648 87 118 59 264
20.3944 86 119 59 264
21.5085 85 120 59 264
21.78852 86 120 59 265
22.74728 87 120 59 266
22.85172 88 120 59 267
23.39827 87 121 59 267
23.45102 88 121 59 268
25.76412 88 121 60 269
27.60505 89 121 60 270
28.32557 89 122 59 270
31.08529 90 122 59 271
31.4965 90 123 58 271
33.14103 90 124 57 271
34.17764 91 124 57 272
34.82277 91 125 56 272
36.52862 92 125 56 273
37.96938 92 126 55 273
39.12504 93 126 55 274
41.18268 93 127 54 274
41.49664 94 127 54 275
41.53368 95 127 54 276
43.41635 96 127 54 277
43.4465 97 127 54 278
47.22153 98 127 54 279
48.37949 98 127 55 280
57.67806 99 127 55 281
57.79371 100 127 55 282
57.99023 101 127 55 283
59.06183 102 127 55 284
59.65366 103 127 55 285

