t me us them sum
4.903e-2 1 0 0 1
4.971e-2 2 0 0 2
5.073e-2 3 0 0 3
5.276e-2 4 0 0 4
5.636e-2 3 1 0 4
5.737e-2 2 2 0 4
5.978e-2 1 3 0 4
5.98e-2 0 4 0 4
0.11682 1 4 0 5
0.15067 2 4 0 6
0.15639 3 4 0 7
0.15798 4 4 0 8
0.15904 5 4 0 9
0.1594 6 4 0 10
0.16283 7 4 0 11
0.17178 7 4 1 12
0.17178 8 4 1 13
0.17237 9 4 1 14
0.17504 10 4 1 15
0.17814 9 5 1 15
0.17915 10 5 1 16
0.17949 11 5 1 17
0.18025 12 5 1 18
0.18322 13 5 1 19
0.18412 14 5 1 20
0.18464 15 5 1 21
0.18578 16 5 1 22
0.18773 16 5 2 23
0.18938 16 5 3 24
0.18968 16 5 4 25
0.19022 15 6 4 25
0.19069 15 7 3 25
0.19071 16 7 3 26
0.19345 15 8 3 26
0.19347 14 9 3 26
0.19381 15 9 3 27
0.19407 15 10 2 27
0.19485 16 10 2 28
0.19602 15 11 2 28
0.19745 16 11 2 29
0.19844 17 11 2 30
0.19966 18 11 2 31
0.20165 19 11 2 32
0.20208 19 11 3 33
0.20253 18 12 3 33
0.20401 19 12 3 34
0.20752 18 13 3 34
0.20818 17 14 3 34
0.20918 18 14 3 35
0.20998 19 14 3 36
0.21299 18 15 3 36
0.21351 17 16 3 36
0.21404 16 17 3 36
0.21455 17 17 3 37
0.21726 16 18 3 37
0.21961 16 18 4 38
0.21976 16 19 3 38
0.2204 15 20 3 38
0.22111 14 21 3 38
0.22385 15 21 3 39
0.22522 14 22 3 39
0.22666 14 22 4 40
0.22708 15 22 4 41
0.22927 15 23 3 41
0.22943 15 23 4 42
0.2297 16 23 4 43
0.23216 15 24 4 43
0.23278 16 24 4 44
0.23521 17 24 4 45
0.2361 18 24 4 46
0.2371 17 25 4 46
0.23815 18 25 4 47
0.24101 19 25 4 48
0.24184 20 25 4 49
0.2438 19 26 4 49
0.24408 19 26 5 50
0.24504 19 26 6 51
0.24525 19 27 5 51
0.24592 18 28 5 51
0.24614 17 29 5 51
0.24758 17 30 4 51
0.24762 17 31 3 51
0.25138 16 32 3 51
0.25186 16 32 4 52
0.25348 15 33 4 52
0.26064 14 34 4 52
0.26075 13 35 4 52
0.26076 14 35 4 53
0.26078 13 36 4 53
0.2612 12 37 4 53
0.26255 13 37 4 54
0.26527 12 38 4 54
0.26647 13 38 4 55
0.26826 13 38 5 56
0.26973 12 39 5 56
0.27052 13 39 5 57
0.27167 12 40 5 57
0.27266 12 41 4 57
0.27408 13 41 4 58
0.2754 12 42 4 58
0.28024 12 42 5 59
0.28049 13 42 5 60
0.28152 13 42 6 61
0.28674 12 43 6 61
0.28871 13 43 6 62
0.2907 13 44 5 62
0.29395 14 44 5 63
0.29539 13 45 5 63
0.29553 14 45 5 64
0.29559 14 45 6 65
0.29571 14 45 7 66
0.29656 14 45 8 67
0.2975 14 45 9 68
0.30262 15 45 9 69
0.30275 15 45 10 70
0.30766 16 45 10 71
0.31016 16 46 9 71
0.31059 17 46 9 72
0.31234 17 46 10 73
0.31263 17 46 11 74
0.31318 16 47 11 74
0.31537 15 48 11 74
0.31539 15 49 10 74
0.31643 15 49 11 75
0.31742 16 49 11 76
0.31866 17 49 11 77
0.32158 18 49 11 78
0.32328 17 50 11 78
0.32486 16 51 11 78
0.32558 15 52 11 78
0.32677 16 52 11 79
0.32735 17 52 11 80
0.3281 18 52 11 81
0.32814 19 52 11 82
0.33185 19 52 12 83
0.33466 19 53 11 83
0.33536 18 54 11 83
0.33649 17 55 11 83
0.33708 17 56 10 83
0.33753 18 56 10 84
0.33843 19 56 10 85
0.33847 19 57 9 85
0.33889 19 57 10 86
0.33942 18 58 10 86
0.34036 17 59 10 86
0.341 18 59 10 87
0.34324 18 59 11 88
0.34434 18 60 10 88
0.34465 17 61 10 88
0.34718 18 61 10 89
0.34815 17 62 10 89
0.35013 16 63 10 89
0.35067 17 63 10 90
0.35116 16 64 10 90
0.35174 15 65 10 90
0.3557 15 65 11 91
0.35653 16 65 11 92
0.35811 15 66 11 92
0.36308 15 67 10 92
0.36617 15 67 11 93
0.37285 15 68 10 93
0.37903 15 69 9 93
0.37941 14 70 9 93
0.37987 13 71 9 93
0.38026 12 72 9 93
0.38524 13 72 9 94
0.3871 12 73 9 94
0.3881 12 74 8 94
0.39197 11 75 8 94
0.39253 10 76 8 94
0.39328 11 76 8 95
0.39758 11 76 9 96
0.40617 12 76 9 97
0.40941 11 77 9 97
0.41332 10 78 9 97
0.41514 9 79 9 97
0.41838 9 80 8 97
0.4192 9 80 9 98
0.42015 9 80 10 99
0.42228 9 80 11 100
0.42279 10 80 11 101
0.42314 10 80 12 102
0.42406 9 81 12 102
0.42487 9 82 11 102
0.42906 8 83 11 102
0.43469 9 83 11 103
0.44261 9 84 10 103
0.44626 8 85 10 103
0.44884 7 86 10 103
0.46264 8 86 10 104
0.46578 9 86 10 105
0.46998 8 87 10 105
0.4715 8 87 11 106
0.47501 7 88 11 106
0.47944 8 88 11 107
0.48232 8 88 12 108
0.49205 8 88 13 109
0.51208 9 88 13 110
0.51755 9 88 14 111
0.51758 10 88 14 112
0.52132 10 88 15 113
0.5282 10 89 14 113
0.53145 9 90 14 113
0.53954 9 91 13 113
0.54103 9 91 14 114
0.54773 10 91 14 115
0.55138 10 92 13 115
0.55439 10 93 12 115
0.56185 9 94 12 115
0.56489 10 94 12 116
0.56513 10 94 13 117
0.57034 10 95 12 117
0.57456 9 96 12 117
0.58896 9 96 13 118
0.59616 8 97 13 118
0.61225 7 98 13 118
0.62473 7 98 14 119
0.62816 7 98 15 120
0.63194 7 99 14 120
0.64973 7 99 15 121
0.68327 7 99 16 122
0.6861 6 100 16 122
0.71023 7 100 16 123
0.72122 7 101 15 123
0.72319 7 102 14 123
0.72479 6 103 14 123
0.72893 5 104 14 123
0.74994 5 104 15 124
0.75942 4 105 15 124
0.76096 4 106 14 124
0.76105 4 107 13 124
0.77656 4 107 14 125
0.78683 4 108 13 125
0.82384 5 108 13 126
0.83596 6 108 13 127
0.84089 5 109 13 127
0.84322 5 110 12 127
0.84486 4 111 12 127
0.85443 4 111 13 128
0.8795 4 111 14 129
0.90333 5 111 14 130
0.90531 6 111 14 131
0.92593 7 111 14 132
0.9324 7 111 15 133
0.94495 7 111 16 134
1.00038 6 112 16 134
1.00194 6 112 17 135
1.01692 7 112 17 136
1.01836 7 112 18 137
1.0188 7 113 17 137
1.10678 7 114 16 137
1.14046 7 114 17 138
1.15776 6 115 17 138
1.22699 6 116 16 138
1.23506 7 116 16 139
1.23748 7 117 15 139
1.25115 7 117 16 140
1.25811 7 117 17 141
1.30294 7 117 18 142
1.3179 6 118 18 142
1.33173 6 118 19 143
1.35358 7 118 19 144
1.43148 6 119 19 144
1.43364 7 119 19 145
1.43798 7 120 18 145
1.44092 6 121 18 145
1.44806 5 122 18 145
1.49555 4 123 18 145
1.50485 4 123 19 146
1.51334 4 124 18 146
1.53763 4 124 19 147
1.55488 4 124 20 148
1.58445 3 125 20 148
1.60436 3 125 21 149
1.69394 4 125 21 150
1.83229 5 125 21 151
1.83954 6 125 21 152
1.8486 6 125 22 153
1.8744 5 126 22 153
1.8945 6 126 22 154
1.95908 6 126 23 155
2.03127 6 127 22 155
2.0656 7 127 22 156
2.07906 8 127 22 157
2.10893 8 127 23 158
2.15587 8 127 24 159
2.16278 8 127 25 160
2.20455 9 127 25 161
2.20468 8 128 25 161
2.25439 9 128 25 162
2.26621 9 129 24 162
2.31191 9 129 25 163
2.33666 9 130 24 163
2.43433 9 131 23 163
2.44248 9 131 24 164
2.45304 9 131 25 165
2.49823 9 132 24 165
2.66824 9 133 23 165
2.74805 10 133 23 166
2.76178 11 133 23 167
2.8507 10 134 23 167
2.99574 10 134 24 168
3.03919 10 135 23 168
3.04501 11 135 23 169
3.05937 11 136 22 169
3.07797 11 136 23 170
3.08698 10 137 23 170
3.11114 9 138 23 170
3.12624 9 138 24 171
3.17371 8 139 24 171
3.19749 8 139 25 172
3.19908 8 139 26 173
3.24132 8 139 27 174
3.26775 7 140 27 174
3.30204 7 141 26 174
3.35866 8 141 26 175
3.41298 9 141 26 176
3.47678 9 141 27 177
3.50781 9 141 28 178
3.51055 10 141 28 179
3.65732 10 142 27 179
3.80447 10 143 26 179
3.88836 10 144 25 179
3.91048 11 144 25 180
3.97174 12 144 25 181
4.04611 11 145 25 181
4.09718 12 145 25 182
4.09912 11 146 25 182
4.16112 11 146 26 183
4.29535 11 146 27 184
4.32873 12 146 27 185
4.35022 13 146 27 186
4.3746 14 146 27 187
4.41567 14 147 26 187
4.41698 13 148 26 187
4.57455 14 148 26 188
4.58124 15 148 26 189
4.81103 14 149 26 189
4.83966 14 149 27 190
4.88708 15 149 27 191
4.91514 15 149 28 192
4.92216 16 149 28 193
4.9662 15 150 28 193
5.01764 15 150 29 194
5.06131 15 150 30 195
5.07165 14 151 30 195
5.18235 13 152 30 195
5.2461 13 152 31 196
5.71228 13 153 30 196
5.7528 14 153 30 197
5.82043 14 153 31 198
6.01823 14 153 32 199
6.01879 14 153 33 200
6.07153 14 153 34 201
6.07661 14 153 35 202
6.42163 14 153 36 203
6.51091 15 153 36 204
6.60085 15 154 35 204
6.607 15 154 36 205
6.78484 16 154 36 206
6.89042 17 154 36 207
6.92957 17 154 37 208
7.06748 16 155 37 208
7.33537 16 155 38 209
7.37111 16 155 39 210
7.67941 16 156 38 210
7.73787 16 156 39 211
7.7543 17 156 39 212
7.87146 17 156 40 213
8.04229 17 157 39 213
8.28209 17 158 38 213
8.49877 17 159 37 213
8.76176 18 159 37 214
8.76208 18 160 36 214
8.79829 19 160 36 215
8.97697 19 161 35 215
9.03084 18 162 35 215
9.1354 18 163 34 215
9.16012 18 164 33 215
9.20073 19 164 33 216
9.74424 19 164 34 217
9.76394 20 164 34 218
10.15994 20 164 35 219
10.26169 19 165 35 219
10.34645 19 165 36 220
10.63841 19 166 35 220
10.69169 19 166 36 221
10.9017 19 166 37 222
10.91392 19 167 36 222
11.01401 19 168 35 222
11.07952 19 169 34 222
11.2042 20 169 34 223
11.35156 20 169 35 224
11.51481 20 170 34 224
11.80141 20 170 35 225
11.86381 20 171 34 225
11.88312 19 172 34 225
11.8893 19 173 33 225
12.07786 19 173 34 226
12.27124 19 174 33 226
12.28754 19 175 32 226
12.68163 18 176 32 226
12.70756 18 176 33 227
13.9014 18 176 34 228
13.91984 18 177 33 228
13.99266 18 178 32 228
14.02102 18 179 31 228
14.03525 18 179 32 229
14.13097 17 180 32 229
14.46711 17 180 33 230
14.91021 18 180 33 231
15.28482 18 181 32 231
15.75033 19 181 32 232
16.11501 20 181 32 233
16.58944 19 182 32 233
18.43527 19 183 31 233
18.77041 19 184 30 233
19.65288 19 185 29 233
19.85952 18 186 29 233
20.26648 19 186 29 234
20.54938 18 187 29 234
21.24709 18 187 30 235
21.56035 18 187 31 236
21.78852 19 187 31 237
22.1698 19 187 32 238
22.42842 18 188 32 238
22.53431 18 188 33 239
22.66947 17 189 33 239
22.74728 17 190 32 239
22.85172 18 190 32 240
23.00535 18 190 33 241
23.45102 19 190 33 242
23.98823 19 190 34 243
25.6337 19 190 35 244
26.95498 19 190 36 245
27.60505 19 191 35 245
28.2562 18 192 35 245
28.32557 19 192 35 246
30.39467 19 192 36 247
30.69736 19 192 37 248
30.94828 18 193 37 248
31.08529 18 194 36 248
31.4965 19 194 36 249
33.14103 20 194 36 250
33.6929 20 194 37 251
34.17764 21 194 37 252
34.82277 21 195 36 252
35.60509 21 195 37 253
36.26019 21 195 38 254
36.52862 21 196 37 254
36.94027 21 196 38 255
37.09207 21 196 39 256
37.17075 20 197 39 256
37.96938 21 197 39 257
38.8921 21 197 40 258
39.12504 22 197 40 259
40.22425 22 197 41 260
41.18268 23 197 41 261
41.38515 23 197 42 262
41.49664 23 198 41 262
41.53368 24 198 41 263
43.41635 25 198 41 264
43.4465 25 199 40 264
44.06539 24 200 40 264
47.1994 24 200 41 265
47.22153 24 201 40 265
48.0809 23 202 40 265
48.62582 23 202 41 266
50.40944 23 202 42 267
54.61862 22 203 42 267
54.99911 22 203 43 268
57.67806 22 204 42 268
57.79371 23 204 42 269
57.99023 23 205 41 269
59.01398 22 206 41 269
59.06183 22 207 40 269
59.65366 23 207 40 270

